(1,-1)
(3,4)
(5,9)
(7,14)
(9,19)
(11,24)
(13,29)
(15,34)
(17,39)
(19,4)
(1,9)
(3,14)
(5,19)
(7,24)
(9,29)
(11,34)
(13,39)
(15,4)
(17,9)
(19,14)
(1,19)
(3,24)
(5,29)
(7,34)
(9,39)
(11,4)
(13,9)
(15,14)
(17,19)
(19,24)
(1,29)
(3,34)
(5,39)
(7,4)
(9,9)
(11,14)
(13,19)
(15,24)
(17,29)
(19,34)
(1,39)
(3,4)
(5,9)
(7,14)
(9,19)
(11,24)
(13,29)
(15,34)
(17,39)
(19,4)
(1,9)
(3,14)
(5,19)
(7,24)
(9,29)
(11,34)
(13,39)
(15,4)
(17,9)
(19,14)
(1,19)
(3,24)
(5,29)
(7,34)
(9,39)
(11,4)
(13,9)
(15,14)
(17,19)
(19,24)
(1,29)
(3,34)
(5,39)
(7,4)
(9,9)
(11,14)
(13,19)
(15,24)
(17,29)
(19,34)
(1,39)
(3,4)
(5,9)
(7,14)
(9,19)
(11,24)
(13,29)
(15,34)
(17,39)
(19,4)
(1,9)
(3,14)
(5,19)
(7,24)
(9,29)
(11,34)
(13,39)
(15,4)
(17,9)
(19,14)
[1,-1]
[1,9]
[1,9]
[1,9]
[1,19]
[1,19]
[1,29]
[1,29]
[1,39]
[1,39]
[3,4]
[3,4]
[3,4]
[3,14]
[3,14]
[3,14]
[3,24]
[3,24]
[3,34]
[3,34]
[5,9]
[5,9]
[5,9]
[5,19]
[5,19]
[5,19]
[5,29]
[5,29]
[5,39]
[5,39]
[7,4]
[7,4]
[7,14]
[7,14]
[7,14]
[7,24]
[7,24]
[7,24]
[7,34]
[7,34]
[9,9]
[9,9]
[9,19]
[9,19]
[9,19]
[9,29]
[9,29]
[9,29]
[9,39]
[9,39]
[11,4]
[11,4]
[11,14]
[11,14]
[11,24]
[11,24]
[11,24]
[11,34]
[11,34]
[11,34]
[13,9]
[13,9]
[13,19]
[13,19]
[13,29]
[13,29]
[13,29]
[13,39]
[13,39]
[13,39]
[15,4]
[15,4]
[15,4]
[15,14]
[15,14]
[15,24]
[15,24]
[15,34]
[15,34]
[15,34]
[17,9]
[17,9]
[17,9]
[17,19]
[17,19]
[17,29]
[17,29]
[17,39]
[17,39]
[17,39]
[19,4]
[19,4]
[19,4]
[19,14]
[19,14]
[19,14]
[19,24]
[19,24]
[19,34]
[19,34]
